Average bucket put delta,Bucket #,% ITM at expiration
0.001694,0,0.00064
0.008894,1,0.000859
0.019495,2,0.002652
0.029671,3,0.005013
0.039732,4,0.012059
0.049767,5,0.019277
0.059785,6,0.021913
0.069823,7,0.027062
0.079856,8,0.036434
0.089908,9,0.043728
0.099919,10,0.058961
0.109844,11,0.063655
0.119967,12,0.072534
0.129864,13,0.075022
0.140008,14,0.088648
0.149955,15,0.100539
0.159908,16,0.102349
0.16992,17,0.114508
0.179956,18,0.121693
0.189952,19,0.13439
0.199892,20,0.136858
0.209886,21,0.151739
0.219874,22,0.174693
0.229921,23,0.177497
0.239891,24,0.181681
0.249895,25,0.18814
0.259816,26,0.186816
0.269887,27,0.202214
0.279962,28,0.199664
0.290008,29,0.198731
0.299904,30,0.216787
0.309947,31,0.228623
0.31989,32,0.219744
0.329895,33,0.231064
0.33985,34,0.242759
0.350068,35,0.245521
0.359884,36,0.261965
0.369979,37,0.247188
0.379901,38,0.27659
0.390053,39,0.266605
0.399991,40,0.291538
0.410002,41,0.295142
0.419903,42,0.305813
0.429929,43,0.2982
0.439864,44,0.32608
0.449854,45,0.326936
0.459962,46,0.338956
0.469911,47,0.34459
0.479971,48,0.356777
0.489871,49,0.346502
0.49993,50,0.37418
0.510027,51,0.382363
0.519925,52,0.399789
0.530008,53,0.419461
0.539964,54,0.43072
0.549901,55,0.438256
0.559895,56,0.425612
0.57011,57,0.455406
0.579929,58,0.470567
0.590031,59,0.477572
0.600015,60,0.503211
0.61006,61,0.483588
0.619885,62,0.531504
0.629893,63,0.526082
0.639935,64,0.534768
0.650038,65,0.555056
0.660002,66,0.57126
0.669932,67,0.56196
0.67999,68,0.566124
0.689953,69,0.572913
0.700072,70,0.589835
0.710048,71,0.622047
0.719858,72,0.635752
0.729785,73,0.647323
0.740085,74,0.643328
0.749881,75,0.663866
0.759908,76,0.668114
0.769939,77,0.675881
0.779914,78,0.703193
0.789982,79,0.696075
0.800005,80,0.730906
0.810048,81,0.746952
0.820011,82,0.752806
0.829956,83,0.761017
0.839922,84,0.803537
0.850079,85,0.80544
0.859937,86,0.820536
0.869945,87,0.847195
0.88004,88,0.870261
0.890074,89,0.88593
0.900085,90,0.906355
0.910146,91,0.932265
0.920024,92,0.945415
0.930217,93,0.95977
0.940083,94,0.962659
0.949985,95,0.969171
0.960263,96,0.978099
0.969868,97,0.98021
0.980292,98,0.991853
0.990551,99,0.998149
0.99933,100,0.998458
